camera_matrix:
- - 873.7369314711104
  - 0.0
  - 628.5864103598337
- - 0.0
  - 875.1802027534628
  - 331.51235283108645
- - 0.0
  - 0.0
  - 1.0
dist_coeff:
- - -0.17707283074080743
  - 0.2692536771488913
  - 0.005557423712506881
  - -0.004606067867173033
  - -0.19322551262554713
