image: mapa.pgm
resolution: 0.05000000074505806
origin: [-0.7000016181300417, -14.487965766033154, 0.0]
negate: 0
occupied_thresh: 0.65
free_thresh: 0.196
